cam_model: ATAN
cam_width: 640
cam_height: 480
cam_fx: 0.942513
cam_fy: 1.25881
cam_cx: 0.503229
cam_cy: 0.530775
cam_d0: 0.9320
