cam_model: Pinhole
cam_width: 640
cam_height: 480
cam_fx: 255.048779348696
cam_fy: 254.747846174294
cam_cx: 318.280413160831
cam_cy: 254.381595548308
cam_d0: 0.0336469709399656
cam_d1: 0.027809513496292
cam_d2: 0
cam_d3: 0
cam_d4: -0.0291272463264526